type	latitude	longitude	altitude (m)	name
T	46.736000000	-117.088000000	788.0	1k
T	33.873000000	-84.301000000	302.2	
T	39.000000000	-74.000000000		
T	32.461000000	-94.539000000	103.3	
T	26.790000000	-80.693000000	4.2	
T	46.459000000	-97.185000000	324.8	
T	46.695000000	-92.095000000	202.2	
T	30.589000000	-98.370000000	258.0	
T	27.715000000	-80.527000000	6.3	
T	33.626000000	-111.906000000	452.6	
T	61.798000000	-149.503000000	1268.9	
T	43.427000000	-116.621000000	818.7	
T	36.002000000	-78.355000000	86.0	
T	26.166000000	-80.101000000	2.5	
T	32.549000000	-93.761000000	45.3	
T	38.228000000	-85.664000000	166.1	
T	32.491000000	-80.994000000	15.5	
T	40.399000000	-74.659000000	38.5	
T	45.535000000	-98.613000000	414.4	
T	42.004000000	-71.200000000	37.0	
T	28.056000000	-81.753000000	43.5	
T	32.494000000	-80.991000000	23.1	
T	39.427000000	-101.053000000	967.0	
T	40.798000000	-74.416000000	55.5	
T	45.771000000	-122.862000000	14.7	
T	37.693000000	-121.820000000	116.8	
T	38.183000000	-84.900000000	239.1	
T	39.564000000	-104.844000000	1781.1	
T	41.528000000	-85.757000000	265.9	
T	36.040000000	-95.982000000	189.1	
T	39.334000000	-114.781000000	2102.4	
T	28.779000000	-81.236000000	13.6	
T	41.019000000	-89.386000000	167.6	
T	34.013000000	-84.593000000	305.2	
T	33.485000000	-101.662000000	951.8	
T	39.751000000	-84.852000000	347.0	
T	45.928000000	-89.731000000	495.2	
T	38.398000000	-77.807000000	91.7	
T	37.872000000	-121.924000000	866.9	
T	27.664000000	-80.425000000	5.7	
T	45.241000000	-122.769000000	59.5	
T	37.708000000	-77.436000000	61.9	
T	33.872000000	-117.787000000	129.2	
T	37.405000000	-112.909000000	2134.8	
T	26.691000000	-79.721000000	0.0	
T	39.001000000	-119.751000000	1435.4	
T	32.635000000	-96.970000000	173.8	
T	32.635000000	-96.970000000	173.8	
T	33.211000000	-117.369000000	54.2	
T	62.786000000	-154.754000000	128.1	
T	46.446000000	-120.364000000	250.6	
T	61.216000000	-149.840000000	41.0	
T	32.756000000	-97.298000000	152.3	
T	30.424000000	-97.569000000	185.0	
T	37.239000000	-76.716000000	11.4	
T	34.259000000	-118.413000000	300.2	
T	38.054000000	-84.574000000	285.1	
T	45.377000000	-121.693000000	2922.7	
T	45.549000000	-122.401000000	9.4	
T	40.761000000	-81.779000000	342.3	
T	29.707000000	-91.296000000	1.4	
T	33.801000000	-118.342000000	35.9	
T	33.975000000	-117.635000000	191.9	
T	25.648000000	-80.433000000	1.5	
T	45.830000000	-87.980000000	326.9	
T	46.947000000	-120.513000000	441.7	
T	30.261000000	-98.907000000	532.1	
T	46.308000000	-111.538000000	1171.4	
T	40.619000000	-111.993000000	1404.0	
T	48.042000000	-122.775000000	35.6	
T	41.868000000	-84.077000000	242.2	
T	43.619000000	-97.381000000	436.6	
T	28.670000000	-96.681000000	7.8	
T	39.153000000	-122.020000000	12.6	
T	42.969000000	-83.755000000	233.0	
T	32.954000000	-111.766000000	442.7	
T	40.164000000	-105.164000000	1536.9	
T	35.095000000	-106.164000000	1995.5	
T	34.653000000	-112.420000000	1523.7	
T	41.000000000	-75.000000000	265.1	
T	46.289000000	-111.519000000	1171.1	
T	45.228000000	-96.004000000	310.9	
T	32.816000000	-117.139000000	128.8	
T	40.876000000	-74.278000000	53.6	
T	28.703000000	-81.587000000	24.3	
T	45.696000000	-85.568000000	203.2	
T	44.094000000	-121.200000000	1042.6	
T	30.533000000	-98.324000000	286.9	
T	29.623000000	-95.657000000	23.7	
T	43.502000000	-96.701000000	458.3	
T	25.909000000	-80.121000000	0.3	
T	38.131000000	-108.292000000	2136.0	
T	33.675000000	-117.869000000	15.9	
T	27.987000000	-82.024000000	38.8	
T	61.538000000	-149.850000000	45.4	
T	32.521000000	-94.308000000	106.1	
T	32.260000000	-99.566000000	613.2	
T	31.835000000	-94.157000000	97.5	
T	33.791000000	-84.495000000	257.6	
T	34.849000000	-111.788000000	1466.4	
T	33.886000000	-82.278000000	144.9	
T	34.852000000	-84.016000000	592.6	
T	42.920000000	-112.895000000	1372.1	
T	26.451000000	-80.538000000	2.7	
T	45.584000000	-115.682000000	2323.0	
T	41.371000000	-83.942000000	205.6	
T	34.970000000	-106.000000000	1882.5	
T	37.659000000	-96.528000000	490.8	
T	26.925000000	-82.001000000	2.5	
T	41.452000000	-87.004000000	231.7	
T	33.975000000	-117.636000000	191.4	
T	43.330000000	-88.326000000	310.6	
T	41.383000000	-72.505000000	125.4	
T	37.064000000	-120.870000000	36.4	
T	34.499000000	-83.557000000	430.2	
T	41.327000000	-75.591000000	499.4	
T	35.018000000	-80.622000000	204.1	
T	39.659000000	-119.866000000	1527.9	
T	26.205000000	-80.157000000	2.4	
T	37.271000000	-79.336000000	244.5	
T	29.764000000	-85.022000000	0.7	
T	46.921000000	-96.816000000	273.6	
T	48.469000000	-122.421000000	31.1	
T	34.039000000	-84.586000000	313.4	
T	40.481000000	-85.682000000	261.2	
T	34.452000000	-84.458000000	457.0	
T	27.765000000	-82.627000000	1.8	
T	34.985000000	-81.058000000	199.1	
T	33.308000000	-111.656000000	415.9	
T	33.308000000	-111.656000000	415.9	
T	32.955000000	-111.767000000	442.6	
T	59.879000000	-147.748000000	7.3	
T	35.617000000	-106.089000000	1922.4	
T	36.030000000	-119.063000000	133.5	
T	34.848000000	-82.350000000	309.2	
T	31.999000000	-110.356000000	1162.2	
T	25.795000000	-80.290000000	2.3	
T	33.812000000	-78.724000000	9.3	
T	41.189000000	-112.015000000	1357.6	
T	45.205000000	-91.692000000	316.0	
T	-33.806000000	-70.466000000	2024.3	
T	38.941000000	-104.569000000	2073.8	
T	25.648000000	-80.433000000	1.5	
T	25.648000000	-80.433000000	1.5	
T	33.898000000	-117.600000000	161.7	
T	31.900000000	-94.080000000	69.8	
T	38.996000000	-79.146000000	289.7	
T	32.980000000	-84.100000000	218.1	
T	28.421000000	-81.691000000	32.0	
T	30.528000000	-86.439000000	21.8	
T	35.214000000	-80.947000000	216.4	
T	35.102000000	-83.385000000	625.3	
T	40.527000000	-122.284000000	146.6	
T	28.806000000	-82.318000000	15.1	
T	43.453000000	-74.515000000	518.4	
T	33.644000000	-78.919000000	0.0	
T	30.151000000	-82.665000000	35.6	
T	39.008000000	-74.914000000	4.2	
T	47.713000000	-117.920000000	832.5	
T	34.135000000	-117.663000000	522.3	
T	28.753000000	-82.647000000	0.0	
T	33.269000000	-111.811000000	377.0	
T	33.269000000	-111.811000000	377.0	
T	34.389000000	-103.045000000	1263.4	
T	41.344000000	-82.178000000	240.5	
T	34.111000000	-84.449000000	273.9	
T	34.160000000	-111.726000000	697.8	
T	61.216000000	-149.842000000	40.7	
T	44.497000000	-123.289000000	74.6	
T	61.859000000	-150.126000000	40.9	
T	29.690000000	-82.272000000	39.0	
T	40.351000000	-122.205000000	112.8	
T	31.411000000	-86.090000000	77.9	
T	41.916000000	-72.777000000	56.3	
T	35.879000000	-86.378000000	185.6	
T	42.332000000	-118.316000000	1373.9	
T	34.374000000	-118.962000000	106.6	
T	39.570000000	-104.849000000	1778.7	
T	29.824000000	-95.676000000	33.8	
T	32.682000000	-103.221000000	1111.8	
T	25.649000000	-80.429000000	1.5	
T	39.193000000	-119.735000000	1433.8	
T	38.655000000	-78.668000000	313.3	
T	32.318000000	-78.066000000		
T	40.000000000	-77.000000000	151.8	
T	34.138000000	-118.724000000	256.6	
T	34.848000000	-82.350000000	309.2	
T	39.221000000	-74.796000000	11.1	
T	37.159000000	-113.307000000	998.5	
T	40.823000000	-72.751000000	14.2	
T	39.901000000	-80.131000000	323.5	
T	44.666000000	-121.153000000	741.3	
T	42.664000000	-85.345000000	243.7	
T	37.330000000	-79.200000000	292.0	
T	35.071000000	-107.035000000	1716.7	
T	44.196000000	-73.349000000	41.2	
T	41.516000000	-75.252000000	409.1	
T	33.978000000	-83.962000000	311.0	
T	45.628000000	-122.404000000	127.7	
T	32.059000000	-82.154000000	54.7	
T	40.799000000	-72.612000000	0.0	
T	40.111000000	-104.701000000	1513.1	
T	34.079000000	-84.861000000	272.5	
T	28.304000000	-97.331000000	15.8	
T	32.969000000	-97.879000000	363.7	
T	28.706000000	-96.804000000	15.1	
T	61.252000000	-149.964000000	28.4	
T	36.681000000	-121.763000000	37.6	
T	33.386000000	-84.322000000	262.1	
T	39.237000000	-121.111000000	696.2	
T	30.055000000	-92.246000000	5.1	
T	37.936000000	-91.814000000	296.9	
T	40.533000000	-80.541000000	372.9	
T	30.039000000	-90.026000000	1.0	
T	42.367000000	-122.869000000	403.9	
T	36.638000000	-80.707000000	835.9	
T	30.336000000	-94.939000000	41.0	
T	37.894000000	-121.238000000	8.3	
T	29.539000000	-98.480000000	243.8	
T	39.069000000	-95.622000000	267.7	
T	32.132000000	-88.793000000	71.1	
T	35.417000000	-80.151000000	174.4	
T	33.980000000	-83.661000000	277.3	
T	29.823000000	-102.691000000	832.9	
T	35.966000000	-95.342000000	178.9	
T	27.412000000	-82.154000000	17.7	
T	43.507000000	-114.299000000	1617.6	
T	35.986000000	-85.809000000	329.9	
T	27.989000000	-82.019000000	40.0	
T	40.185000000	-74.122000000	42.6	
T	34.093000000	-117.792000000	293.5	
T	43.075000000	-116.771000000	2028.7	
T	34.210000000	-118.490000000	237.3	
T	40.034000000	-79.024000000	682.9	
T	32.897000000	-96.834000000	175.5	
T	64.611000000	-144.617000000	1187.4	
T	37.184000000	-78.102000000	127.5	
T	27.459000000	-81.343000000	17.9	
T	27.459000000	-81.343000000	17.9	
T	34.839000000	-82.349000000	287.4	
T	42.171000000	-112.289000000	1368.4	
T	61.235000000	-149.943000000	0.0	
T	40.483000000	-111.426000000	1712.6	
T	44.417000000	-83.486000000	203.6	
T	59.190000000	-155.150000000	250.0	
T	33.311000000	-79.320000000	5.8	
T	43.239000000	-123.356000000	156.2	
T	62.570000000	-162.850000000	121.8	
T	59.325000000	-155.901000000	26.6	
T	38.190000000	-90.384000000	121.6	
T	39.418000000	-77.374000000	88.4	
T	29.644000000	-95.656000000	25.5	
T	37.230000000	-106.967000000	2259.0	
T	40.972000000	-98.315000000	561.5	
T	34.111000000	-117.687000000	428.2	
T	41.922000000	-84.588000000	354.7	
T	41.077000000	-71.921000000	1.2	
T	35.124000000	-114.531000000	340.8	
T	34.514000000	-109.370000000	1735.4	
T	45.450000000	-120.864000000	123.7	
T	41.708000000	-73.738000000	202.2	
T	41.708000000	-73.738000000	202.2	
T	39.943000000	-74.845000000	13.0	
T	42.454000000	-71.183000000	62.5	
T	39.714000000	-119.866000000	1592.9	
T	39.714000000	-119.866000000	1592.9	
T	35.238000000	-120.641000000	58.9	
T	60.941000000	-151.961000000	16.8	
T	40.145000000	-111.667000000	1378.8	
T	36.348000000	-94.219000000	394.1	
T	25.862000000	-80.897000000	2.6	
T	36.926000000	-111.448000000	1298.3	
T	29.130000000	-98.750000000	206.5	
T	39.909000000	-105.117000000	1714.0	
T	33.975000000	-117.636000000	191.4	
T	26.609000000	-80.083000000	3.0	
T	34.856000000	-102.326000000	1153.0	
T	38.377000000	-120.794000000	513.7	
T	43.153000000	-93.336000000	364.2	
T	29.742000000	-81.474000000	5.5	
T	36.226000000	-90.037000000	79.0	
T	44.368000000	-88.159000000	199.7	
T	33.051000000	-97.232000000	188.7	
T	35.791000000	-115.319000000	881.2	
T	37.862000000	-120.179000000	883.1	
T	62.300000000	-142.533000000	1586.0	
T	37.539000000	-77.326000000	49.2	
T	42.904000000	-82.550000000	192.9	
T	37.874000000	-92.407000000	339.0	
T	62.453000000	-148.687000000	1024.8	
T	48.660000000	-112.496000000	1203.8	
T	34.257000000	-118.409000000	294.8	
T	37.088000000	-84.076000000	362.6	
T	34.201000000	-118.359000000	221.7	
T	59.566000000	-139.741000000	0.0	
T	31.855000000	-102.074000000	852.6	
T	38.515000000	-89.091000000	158.7	
T	40.636000000	-79.111000000	430.7	
T	29.935000000	-95.640000000	41.2	
T	38.526000000	-77.860000000	91.6	
T	36.038000000	-95.986000000	189.1	
T	57.997000000	-154.996000000	0.0	
T	43.834000000	-111.805000000	1481.0	
T	39.787000000	-77.369000000	183.3	
T	35.550000000	-87.207000000	198.1	
T	44.666000000	-83.307000000	209.4	
T	40.618000000	-96.926000000	454.2	
T	36.029000000	-119.063000000	133.4	
T	62.096000000	-148.212000000	774.5	
T	31.881000000	-106.703000000	1253.0	
T	39.756000000	-82.657000000	259.1	
T	39.931000000	-84.026000000	266.4	
T	45.902000000	-84.707000000	177.0	
T	35.137000000	-118.444000000	1208.4	
T	42.597000000	-87.929000000	220.7	
T	34.670000000	-112.406000000	1496.7	
T	40.578000000	-122.410000000	211.8	
T	30.541000000	-92.204000000	17.6	
T	37.979000000	-98.105000000	496.2	
T	41.738000000	-72.649000000	4.8	
T	38.837000000	-92.000000000	267.1	
T	39.144000000	-78.144000000	217.5	
T	42.022000000	-70.837000000	18.7	
T	39.675000000	-85.322000000	316.4	
T	37.501000000	-77.126000000	30.8	
T	46.165000000	-103.301000000	896.4	
T	40.300000000	-83.000000000	288.2	
T	41.036000000	-75.161000000	145.2	
T	29.124000000	-81.888000000	31.7	
T	36.626000000	-93.229000000	285.1	
T	44.288000000	-120.905000000	988.6	
T	44.790000000	-71.826000000	360.5	
T	32.609000000	-82.370000000	97.5	
T	43.884000000	-72.252000000	210.5	
T	30.593000000	-84.549000000	47.3	
T	42.022000000	-70.835000000	18.1	
T	39.567000000	-76.202000000	120.3	
T	38.962000000	-104.575000000	2104.3	
T	44.759000000	-69.370000000	51.2	
T	39.576000000	-95.181000000	304.8	
T	32.439000000	-93.814000000	63.7	
T	47.994000000	-97.072000000	252.0	
T	21.578000000	-158.182000000	1.0	
T	44.472000000	-73.153000000	100.7	
T	62.798000000	-152.931000000	565.8	
T	44.533000000	-116.061000000	1514.3	
T	29.672000000	-95.070000000	7.2	
T	32.444000000	-97.817000000	235.1	
T	46.104000000	-122.898000000	4.0	
T	44.991000000	-114.748000000	1372.1	
T	61.790000000	-156.588000000	76.0	
T	39.615000000	-77.048000000	217.0	
T	41.843000000	-85.119000000	291.1	
T	61.533000000	-150.102000000	68.5	
T	40.494000000	-101.043000000	928.0	
T	26.647000000	-80.295000000	4.2	
T	38.973000000	-104.820000000	1992.2	
T	33.148000000	-97.490000000	268.4	
T	60.589000000	-152.162000000	8.5	
T	32.632000000	-108.154000000	1638.9	
T	27.182000000	-80.221000000	4.2	
T	43.951000000	-95.378000000	441.5	
T	43.415000000	-116.698000000	684.6	
T	44.356000000	-88.060000000	236.4	
T	44.016000000	-97.086000000	521.3	
T	42.770000000	-111.310000000	2295.7	
T	29.505000000	-95.175000000	7.1	
T	34.296000000	-118.469000000	349.4	
T	63.700000000	-147.126000000	1225.2	
T	68.294000000	-156.379000000	513.2	
T	42.492000000	-88.984000000	241.5	
T	37.035000000	-113.506000000	872.4	
T	44.813000000	-117.794000000	1031.8	
T	47.485000000	-111.360000000	1117.5	
T	39.505000000	-84.122000000	281.6	
T	61.761000000	-147.081000000	727.0	
T	36.742000000	-104.502000000	1932.9	
T	28.342000000	-80.687000000	1.4	
T	40.429000000	-104.632000000	1416.4	
T	28.867000000	-82.575000000	2.2	
T	38.704000000	-93.228000000	278.4	
T	36.879000000	-91.905000000	372.1	
T	33.696000000	-117.884000000	10.4	
T	38.198000000	-102.775000000	1183.3	
T	42.272000000	-77.685000000	623.7	
T	35.438000000	-94.803000000	156.5	
T	39.943000000	-74.846000000	12.8	
T	41.993000000	-86.128000000	224.9	
T	30.374000000	-87.726000000	17.9	
T	41.290000000	-86.631000000	216.1	
T	34.848000000	-82.350000000	309.2	
T	32.897000000	-97.038000000	176.2	
T	48.491000000	-122.942000000	35.1	
T	46.814000000	-94.409000000	398.8	
T	45.132000000	-115.321000000	1736.3	
T	65.607000000	-146.779000000	1202.9	
T	34.226000000	-77.945000000	12.9	
T	29.250000000	-107.409000000	1839.8	
T	33.033000000	-90.623000000	32.0	
T	40.706000000	-76.374000000	520.2	
T	45.000000000	-69.000000000	92.5	
T	46.382000000	-94.119000000	369.5	
T	41.275000000	-111.035000000	2169.3	
T	32.699000000	-97.047000000	178.3	
T	45.482000000	-85.781000000	193.7	
T	45.482000000	-85.781000000	193.7	
T	40.329000000	-82.526000000	361.7	
T	32.826000000	-116.972000000	113.4	
T	35.095000000	-106.163000000	1994.3	
T	41.027000000	-81.799000000	369.1	
T	45.882000000	-95.450000000	427.3	
T	33.221000000	-92.812000000	77.1	
T	41.667000000	-81.197000000	302.6	
T	30.056000000	-95.552000000	44.1	
T	38.653000000	-122.899000000	76.3	
T	36.773000000	-77.794000000	98.2	
T	30.224000000	-93.000000000	6.9	
T	35.160000000	-80.721000000	208.7	
T	30.779000000	-86.522000000	50.4	
T	29.656000000	-81.689000000	10.6	
T	28.777000000	-81.235000000	13.5	
T	33.939000000	-81.119000000	66.6	
T	61.630000000	-149.682000000	113.7	
T	35.485000000	-81.166000000	267.4	
T	36.199000000	-95.884000000	197.8	
T	28.985000000	-95.539000000	6.3	
T	47.482000000	-111.357000000	1119.6	
T	38.941000000	-104.569000000	2073.8	
T	43.302000000	-95.062000000	439.7	
T	30.737000000	-98.239000000	384.3	
T	47.907000000	-122.282000000	180.3	
T	45.672000000	-121.531000000	182.3	
T	43.761000000	-87.835000000	224.9	
T	36.601000000	-89.992000000	89.6	
T	30.546000000	-91.165000000	20.4	
T	42.701000000	-74.074000000	290.4	
T	45.777000000	-111.150000000	1357.6	
T	42.928000000	-89.418000000	299.6	
T	32.540000000	-93.745000000	52.4	
T	34.714000000	-85.681000000	461.9	
T	39.302000000	-120.125000000	1781.3	
T	42.114000000	-87.902000000	195.5	
T	34.210000000	-118.490000000	237.3	
T	36.124000000	-86.678000000	173.8	
T	46.528000000	-100.567000000	490.5	
T	26.002000000	-80.240000000	2.1	
T	64.989000000	-150.647000000	80.3	
T	61.595000000	-149.089000000	70.8	
T	48.472000000	-122.418000000	34.9	
T	33.564000000	-92.081000000	68.5	
T	39.589000000	-84.225000000	287.8	
T	18.455000000	-66.663000000	3.0	
T	47.941000000	-117.626000000	694.5	
T	39.079000000	-84.210000000	253.0	
T	42.799000000	-77.842000000	169.8	
T	40.242000000	-87.567000000	208.9	
T	35.318000000	-110.660000000	1549.8	
T	44.029000000	-117.018000000	657.9	
T	40.698000000	-84.636000000	243.4	
T	40.196000000	-89.304000000	183.9	
T	36.349000000	-92.556000000	142.1	
T	34.947000000	-91.114000000	60.2	
T	30.061000000	-95.553000000	45.7	
T	40.110000000	-88.683000000	214.9	
T	33.812000000	-78.724000000	9.3	
T	32.684000000	-96.873000000	195.2	
T	26.197000000	-80.171000000	3.7	
T	48.608000000	-112.376000000	1174.2	
T	35.237000000	-120.642000000	57.5	
T	44.326000000	-84.788000000	358.6	
T	32.029000000	-96.397000000	134.4	
T	61.567000000	-148.550000000	1249.2	
T	45.514000000	-115.443000000	1723.7	
T	43.170000000	-88.470000000	265.7	
T	37.720000000	-76.841000000	42.0	
T	37.108000000	-79.592000000	267.9	
T	41.944000000	-88.924000000	268.3	
T	37.515000000	-122.250000000	1.1	
T	36.032000000	-78.318000000	76.8	
T	32.958000000	-84.268000000	232.9	
T	42.543000000	-83.179000000	216.3	
T	35.608000000	-76.778000000	3.6	
T	45.863000000	-84.644000000	219.1	
T	31.817000000	-97.569000000	235.1	
T	25.778000000	-80.170000000	0.0	
T	30.499000000	-97.969000000	370.4	
T	38.668000000	-121.401000000	20.6	
T	32.609000000	-82.370000000	97.5	
T	30.352000000	-85.841000000	17.8	
T	44.854000000	-74.329000000	234.8	
T	34.745000000	-85.690000000	452.1	
T	38.836000000	-95.182000000	269.9	
T	42.291000000	-73.710000000	56.7	
T	43.166000000	-95.203000000	407.4	
T	38.311000000	-75.130000000	2.5	
T	41.562000000	-101.600000000	1092.3	
T	61.187000000	-149.966000000	21.7	
T	40.218000000	-111.931000000	1974.3	
T	61.500000000	-150.568000000	12.6	
